Magnum 4D | 2025-12-28 | 304/25 | 2630 | 0382 | 1740 | 7550 7277 3497 6009 2387 9071 9996 9356 4835 1856 2853 7442 8812 3065 6468 1525 8591 8512
Toto 4D | 2025-12-28 | 6067/25 | 9587 | 9642 | 2973 | 5514 7472 0204 3709 7743 3749 6197 3602 5995 1936 0658 8362 0679 3550 7949 0390 6084 6627 8293 7143
DaMaCai 4D | 2025-12-28 | 6014/25 | 9008 | 6772 | 6733 | 7059 2730 6474 3027 1979 5631 6546 4629 2424 4968 4747 0160 0588 2777 0620 0385 5060 8103 6425 8667

Magnum 4D	2025-12-27	303/25	2642	3075	4510	8127	1187	3191	7100	9078	0445	5037	2825	4327	0887	4796	0567	1517	4319	1867	7082	8611	0594	7663	2370
DaMaCai 4D	2025-12-27	6013/25	4935	9052	2068	9365	6612	1211	8153	6862	4868	9558	4610	8654	5025	2104	2035	8554	7278	0005	1111	6476	8603	1878	2363
Toto 4D	2025-12-27	6066/25	4302	0515	7487	5088	8381	3429	0864	1682	4637	9346	2602	0052	5323	2349	0061	8646	0344	2463	6910	1742	3286	0368	6143

Magnum 4D	2025-12-24	302/25	7759	6046	9176	5985	9684	8530	1581	7415	7794	3355	7474	4399	4714	6513	7236	4594	7234	5555	6603	1993	8369	9369	2853
Toto 4D	2025-12-24	6065/25	8587	9995	5913	3950	9814	5304	9101	4101	9111	7890	0465	9390	3470	2629	8331	0856	4000	3212	9584	9686	4739	6796	2912
DaMaCai 4D	2025-12-24	6012/25	8603	1209	2798	3081	1918	7355	9326	1101	1588	8874	2561	1405	7158	8867	7546	2204	2167	1956	7349	9929	3958	3052	8771

Magnum 4D | 2025-12-21 | 301/25 | 4240 | 5757 | 7052 | 6312 5098 7263 6400 0517 5171 3427 5456 1915 4290 2779 0606 1850 2256 9702 9394 4654 4645 5245 9293
Toto 4D | 2025-12-21 | 6064/25 | 1326 | 2538 | 3666 | 8124 8555 9409 5495 0369 7370 9082 4208 8374 0943 5162 5964 0748 6363 3924 2179 0522 4083 8005 4867
DaMaCai 4D | 2025-12-21 | 6011/25 | 8540 | 2363 | 1271 | 0204 5946 8807 7231 0005 7185 8740 0513 0709 5111 3667 0426 0116 2499 9638 7142 1554 0264 1286 8117
